(0, 194, 96, [1, 2, 0], [0, 16, 32], [16, 32, 32])
(1, 420, 124, [1, 2, 0], [0, 16, 32], [16, 32, 32])
(2, 1136, 375, [1, 2, 0], [0, 16, 32], [16, 32, 32])
(3, 405, 103, [1, 2, 0], [0, 16, 32], [16, 32, 32])
(4, 120, 12, [1, 2, 0], [0, 16, 32], [16, 32, 32])
(5, 1060, 415, [1, 2, 0], [0, 16, 32], [16, 32, 32])
(6, 388, 84, [1, 2, 0], [0, 16, 32], [16, 32, 32])
(7, 1068, 429, [1, 2, 0], [0, 16, 32], [16, 32, 32])
(8, 1039, 401, [1, 2, 0], [0, 16, 32], [16, 32, 32])
(10, 209, 193, [1, 2, 0], [0, 16, 32], [16, 32, 32])
(9, 422, 144, [1, 2, 0], [0, 16, 32], [16, 32, 32])
(11, 1344, 56, [1, 2, 0], [0, 16, 32], [16, 32, 32])
(12, 393, 60, [1, 2, 0], [0, 16, 32], [16, 32, 32])
(13, 1050, 397, [1, 2, 0], [0, 16, 32], [16, 32, 32])
(14, 1169, 421, [1, 2, 0], [0, 16, 32], [16, 32, 32])
(15, 401, 109, [1, 2, 0], [0, 16, 32], [16, 32, 32])
(16, 374, 114, [1, 2, 0], [0, 16, 32], [16, 32, 32])
(17, 419, 148, [1, 2, 0], [0, 16, 32], [16, 32, 32])
(18, 400, 89, [1, 2, 0], [0, 16, 32], [16, 32, 32])
(19, 413, 106, [1, 2, 0], [0, 16, 32], [16, 32, 32])
(20, 237, 126, [1, 2, 0], [0, 16, 32], [16, 32, 32])
(21, 1224, 433, [1, 2, 0], [0, 16, 32], [16, 32, 32])
(22, 181, 120, [1, 2, 0], [0, 16, 32], [16, 32, 32])
(23, 1103, 414, [1, 2, 0], [0, 16, 32], [16, 32, 32])
(24, 212, 183, [1, 2, 0], [0, 16, 32], [16, 32, 32])
(25, 405, 94, [1, 2, 0], [0, 16, 32], [16, 32, 32])
(26, 209, 217, [1, 2, 0], [0, 16, 32], [16, 32, 32])
(27, 1316, 135, [1, 2, 0], [0, 16, 32], [16, 32, 32])
(28, 109, 120, [1, 2, 0], [0, 16, 32], [16, 32, 32])
(29, 1062, 415, [1, 2, 0], [0, 16, 32], [16, 32, 32])
(30, 1066, 415, [1, 2, 0], [0, 16, 32], [16, 32, 32])
(31, 1484, 88, [1, 2, 0], [0, 16, 32], [16, 32, 32])
(32, 409, 93, [1, 2, 0], [0, 16, 32], [16, 32, 32])
(33, 1092, 389, [1, 2, 0], [0, 16, 32], [16, 32, 32])
(34, 395, 83, [1, 2, 0], [0, 16, 32], [16, 32, 32])
(35, 203, 138, [1, 2, 0], [0, 16, 32], [16, 32, 32])
(36, 1149, 398, [1, 2, 0], [0, 16, 32], [16, 32, 32])
(37, 221, 48, [1, 2, 0], [0, 16, 32], [16, 32, 32])
(38, 378, 69, [1, 2, 0], [0, 16, 32], [16, 32, 32])
(39, 203, 217, [1, 2, 0], [0, 16, 32], [16, 32, 32])
(40, 1096, 398, [1, 2, 0], [0, 16, 32], [16, 32, 32])
(41, 440, 95, [1, 2, 0], [0, 16, 32], [16, 32, 32])
(42, 1077, 483, [1, 2, 0], [0, 16, 32], [16, 32, 32])
(43, 167, 217, [1, 2, 0], [0, 16, 32], [16, 32, 32])
(44, 1041, 400, [1, 2, 0], [0, 16, 32], [16, 32, 32])
(45, 181, 257, [1, 2, 0], [0, 16, 32], [16, 32, 32])
(46, 1027, 396, [1, 2, 0], [0, 16, 32], [16, 32, 32])
(47, 1353, 156, [1, 2, 0], [0, 16, 32], [16, 32, 32])
(48, 407, 115, [1, 2, 0], [0, 16, 32], [16, 32, 32])
(49, 203, 162, [1, 2, 0], [0, 16, 32], [16, 32, 32])
(50, 1089, 525, [1, 2, 0], [0, 16, 32], [16, 32, 32])
(51, 1316, 125, [1, 2, 0], [0, 16, 32], [16, 32, 32])
(52, 408, 96, [1, 2, 0], [0, 16, 32], [16, 32, 32])
(53, 1245, 384, [1, 2, 0], [0, 16, 32], [16, 32, 32])
(54, 397, 127, [1, 2, 0], [0, 16, 32], [16, 32, 32])
(55, 381, 76, [1, 2, 0], [0, 16, 32], [16, 32, 32])
(56, 395, 101, [1, 2, 0], [0, 16, 32], [16, 32, 32])
(57, 1146, 605, [1, 2, 0], [0, 16, 32], [16, 32, 32])
(58, 794, 70, [1, 2, 0], [0, 16, 32], [16, 32, 32])
(59, 1117, 427, [1, 2, 0], [0, 16, 32], [16, 32, 32])
(60, 1064, 82, [1, 2, 0], [0, 16, 32], [16, 32, 32])
(61, 431, 115, [1, 2, 0], [0, 16, 32], [16, 32, 32])
(62, 476, 112, [1, 2, 0], [0, 16, 32], [16, 32, 32])
(63, 393, 88, [1, 2, 0], [0, 16, 32], [16, 32, 32])
(64, 392, 42, [1, 2, 0], [0, 16, 32], [16, 32, 32])
(65, 976, 40, [1, 2, 0], [0, 16, 32], [16, 32, 32])
(66, 1195, 507, [1, 2, 0], [0, 16, 32], [16, 32, 32])
(67, 1071, 395, [1, 2, 0], [0, 16, 32], [16, 32, 32])
(68, 120, 12, [1, 2, 0], [0, 16, 32], [16, 32, 32])
(69, 1147, 498, [1, 2, 0], [0, 16, 32], [16, 32, 32])
(70, 1189, 74, [1, 2, 0], [0, 16, 32], [16, 32, 32])
(71, 212, 217, [1, 2, 0], [0, 16, 32], [16, 32, 32])
(72, 194, 217, [1, 2, 0], [0, 16, 32], [16, 32, 32])
(73, 1082, 385, [1, 2, 0], [0, 16, 32], [16, 32, 32])
(74, 415, 119, [1, 2, 0], [0, 16, 32], [16, 32, 32])
(75, 405, 94, [1, 2, 0], [0, 16, 32], [16, 32, 32])
(76, 1316, 159, [1, 2, 0], [0, 16, 32], [16, 32, 32])
(77, 402, 113, [1, 2, 0], [0, 16, 32], [16, 32, 32])
(78, 381, 73, [1, 2, 0], [0, 16, 32], [16, 32, 32])
(79, 200, 205, [1, 2, 0], [0, 16, 32], [16, 32, 32])
(80, 394, 155, [1, 2, 0], [0, 16, 32], [16, 32, 32])
(81, 405, 85, [1, 2, 0], [0, 16, 32], [16, 32, 32])
(82, 1015, 409, [1, 2, 0], [0, 16, 32], [16, 32, 32])
(83, 997, 394, [1, 2, 0], [0, 16, 32], [16, 32, 32])
(84, 381, 71, [1, 2, 0], [0, 16, 32], [16, 32, 32])
(85, 400, 120, [1, 2, 0], [0, 16, 32], [16, 32, 32])
(86, 333, 18, [1, 2, 0], [0, 16, 32], [16, 32, 32])
(87, 1210, 380, [1, 2, 0], [0, 16, 32], [16, 32, 32])
(88, 200, 130, [1, 2, 0], [0, 16, 32], [16, 32, 32])
(89, 375, 96, [1, 2, 0], [0, 16, 32], [16, 32, 32])
(90, 374, 62, [1, 2, 0], [0, 16, 32], [16, 32, 32])
(91, 163, 157, [1, 2, 0], [0, 16, 32], [16, 32, 32])
(92, 375, 70, [1, 2, 0], [0, 16, 32], [16, 32, 32])
(93, 1029, 406, [1, 2, 0], [0, 16, 32], [16, 32, 32])
(94, 1010, 411, [1, 2, 0], [0, 16, 32], [16, 32, 32])
(95, 17, 81, [1, 2, 0], [0, 16, 32], [16, 32, 32])
(96, 1335, 570, [1, 2, 0], [0, 16, 32], [16, 32, 32])
(97, 420, 99, [1, 2, 0], [0, 16, 32], [16, 32, 32])
(98, 1019, 411, [1, 2, 0], [0, 16, 32], [16, 32, 32])
(99, 424, 114, [1, 2, 0], [0, 16, 32], [16, 32, 32])
(100, 1539, 94, [1, 2, 0], [0, 16, 32], [16, 32, 32])
(101, 1018, 429, [1, 2, 0], [0, 16, 32], [16, 32, 32])
(102, 379, 78, [1, 2, 0], [0, 16, 32], [16, 32, 32])
(103, 1033, 396, [1, 2, 0], [0, 16, 32], [16, 32, 32])
(104, 1999, 97, [1, 2, 0], [0, 16, 32], [16, 32, 32])
(105, 203, 217, [1, 2, 0], [0, 16, 32], [16, 32, 32])
(106, 1027, 414, [1, 2, 0], [0, 16, 32], [16, 32, 32])
(107, 1101, 391, [1, 2, 0], [0, 16, 32], [16, 32, 32])
(108, 1126, 447, [1, 2, 0], [0, 16, 32], [16, 32, 32])
(109, 210, 64, [1, 2, 0], [0, 16, 32], [16, 32, 32])
(110, 1189, 74, [1, 2, 0], [0, 16, 32], [16, 32, 32])
(111, 994, 392, [1, 2, 0], [0, 16, 32], [16, 32, 32])
(112, 1065, 411, [1, 2, 0], [0, 16, 32], [16, 32, 32])
(113, 1102, 612, [1, 2, 0], [0, 16, 32], [16, 32, 32])
(114, 181, 112, [1, 2, 0], [0, 16, 32], [16, 32, 32])
(115, 379, 48, [1, 2, 0], [0, 16, 32], [16, 32, 32])
(116, 1119, 413, [1, 2, 0], [0, 16, 32], [16, 32, 32])
(117, 1083, 409, [1, 2, 0], [0, 16, 32], [16, 32, 32])
(118, 181, 162, [1, 2, 0], [0, 16, 32], [16, 32, 32])
(119, 1317, 160, [1, 2, 0], [0, 16, 32], [16, 32, 32])
(120, 374, 76, [1, 2, 0], [0, 16, 32], [16, 32, 32])
(121, 401, 144, [1, 2, 0], [0, 16, 32], [16, 32, 32])
(122, 406, 165, [1, 2, 0], [0, 16, 32], [16, 32, 32])
(123, 1092, 720, [1, 2, 0], [0, 16, 32], [16, 32, 32])
(124, 1314, 232, [1, 2, 0], [0, 16, 32], [16, 32, 32])
(125, 1028, 55, [1, 2, 0], [0, 16, 32], [16, 32, 32])
(126, 396, 59, [1, 2, 0], [0, 16, 32], [16, 32, 32])
(127, 1126, 397, [1, 2, 0], [0, 16, 32], [16, 32, 32])
(128, 415, 142, [1, 2, 0], [0, 16, 32], [16, 32, 32])
(129, 1731, 109, [1, 2, 0], [0, 16, 32], [16, 32, 32])
(130, 806, 117, [1, 2, 0], [0, 16, 32], [16, 32, 32])
(131, 409, 143, [1, 2, 0], [0, 16, 32], [16, 32, 32])
(132, 1316, 207, [1, 2, 0], [0, 16, 32], [16, 32, 32])
(133, 1070, 521, [1, 2, 0], [0, 16, 32], [16, 32, 32])
(134, 181, 264, [1, 2, 0], [0, 16, 32], [16, 32, 32])
(135, 1094, 376, [1, 2, 0], [0, 16, 32], [16, 32, 32])
(136, 433, 87, [1, 2, 0], [0, 16, 32], [16, 32, 32])
(137, 405, 94, [1, 2, 0], [0, 16, 32], [16, 32, 32])
(138, 479, 75, [1, 2, 0], [0, 16, 32], [16, 32, 32])
(139, 449, 95, [1, 2, 0], [0, 16, 32], [16, 32, 32])
(140, 1073, 411, [1, 2, 0], [0, 16, 32], [16, 32, 32])
(141, 1061, 415, [1, 2, 0], [0, 16, 32], [16, 32, 32])
(142, 459, 387, [1, 2, 0], [0, 16, 32], [16, 32, 32])
(143, 383, 57, [1, 2, 0], [0, 16, 32], [16, 32, 32])
(144, 1163, 418, [1, 2, 0], [0, 16, 32], [16, 32, 32])
(145, 1130, 396, [1, 2, 0], [0, 16, 32], [16, 32, 32])
(146, 1044, 462, [1, 2, 0], [0, 16, 32], [16, 32, 32])
(147, 428, 101, [1, 2, 0], [0, 16, 32], [16, 32, 32])
(148, 422, 111, [1, 2, 0], [0, 16, 32], [16, 32, 32])
(149, 984, 429, [1, 2, 0], [0, 16, 32], [16, 32, 32])
(150, 171, 217, [1, 2, 0], [0, 16, 32], [16, 32, 32])
(151, 1057, 440, [1, 2, 0], [0, 16, 32], [16, 32, 32])
(152, 91, 24, [1, 2, 0], [0, 16, 32], [16, 32, 32])
(153, 974, 375, [1, 2, 0], [0, 16, 32], [16, 32, 32])
(154, 1036, 395, [1, 2, 0], [0, 16, 32], [16, 32, 32])
(155, 1548, 90, [1, 2, 0], [0, 16, 32], [16, 32, 32])
(156, 945, 388, [1, 2, 0], [0, 16, 32], [16, 32, 32])
(157, 1105, 399, [1, 2, 0], [0, 16, 32], [16, 32, 32])
(158, 389, 92, [1, 2, 0], [0, 16, 32], [16, 32, 32])
(159, 200, 167, [1, 2, 0], [0, 16, 32], [16, 32, 32])
(160, 1022, 443, [1, 2, 0], [0, 16, 32], [16, 32, 32])
(161, 952, 82, [1, 2, 0], [0, 16, 32], [16, 32, 32])
(162, 404, 145, [1, 2, 0], [0, 16, 32], [16, 32, 32])
(163, 396, 110, [1, 2, 0], [0, 16, 32], [16, 32, 32])
(164, 404, 83, [1, 2, 0], [0, 16, 32], [16, 32, 32])
(165, 395, 97, [1, 2, 0], [0, 16, 32], [16, 32, 32])
(166, 389, 126, [1, 2, 0], [0, 16, 32], [16, 32, 32])
(167, 405, 93, [1, 2, 0], [0, 16, 32], [16, 32, 32])
(168, 1043, 396, [1, 2, 0], [0, 16, 32], [16, 32, 32])
(169, 993, 401, [1, 2, 0], [0, 16, 32], [16, 32, 32])
(170, 1755, 91, [1, 2, 0], [0, 16, 32], [16, 32, 32])
(171, 924, 74, [1, 2, 0], [0, 16, 32], [16, 32, 32])
(172, 203, 217, [1, 2, 0], [0, 16, 32], [16, 32, 32])
(173, 1513, 36, [1, 2, 0], [0, 16, 32], [16, 32, 32])
(174, 185, 138, [1, 2, 0], [0, 16, 32], [16, 32, 32])
(175, 1028, 411, [1, 2, 0], [0, 16, 32], [16, 32, 32])
(176, 1039, 417, [1, 2, 0], [0, 16, 32], [16, 32, 32])
(177, 874, 404, [1, 2, 0], [0, 16, 32], [16, 32, 32])
(178, 1019, 396, [1, 2, 0], [0, 16, 32], [16, 32, 32])
(179, 1127, 63, [1, 2, 0], [0, 16, 32], [16, 32, 32])
(180, 1053, 446, [1, 2, 0], [0, 16, 32], [16, 32, 32])
(181, 391, 86, [1, 2, 0], [0, 16, 32], [16, 32, 32])
(182, 194, 217, [1, 2, 0], [0, 16, 32], [16, 32, 32])
(183, 1000, 414, [1, 2, 0], [0, 16, 32], [16, 32, 32])
(184, 1593, 109, [1, 2, 0], [0, 16, 32], [16, 32, 32])
(185, 1028, 411, [1, 2, 0], [0, 16, 32], [16, 32, 32])
(186, 1007, 395, [1, 2, 0], [0, 16, 32], [16, 32, 32])
(187, 787, 121, [1, 2, 0], [0, 16, 32], [16, 32, 32])
(188, 1050, 404, [1, 2, 0], [0, 16, 32], [16, 32, 32])
(189, 991, 108, [1, 2, 0], [0, 16, 32], [16, 32, 32])
(190, 1039, 390, [1, 2, 0], [0, 16, 32], [16, 32, 32])
(191, 203, 212, [1, 2, 0], [0, 16, 32], [16, 32, 32])
(192, 1023, 396, [1, 2, 0], [0, 16, 32], [16, 32, 32])
(193, 396, 83, [1, 2, 0], [0, 16, 32], [16, 32, 32])
(194, 375, 59, [1, 2, 0], [0, 16, 32], [16, 32, 32])
(195, 962, 429, [1, 2, 0], [0, 16, 32], [16, 32, 32])
(196, 1171, 388, [1, 2, 0], [0, 16, 32], [16, 32, 32])
(197, 879, 55, [1, 2, 0], [0, 16, 32], [16, 32, 32])
(198, 1085, 442, [1, 2, 0], [0, 16, 32], [16, 32, 32])
(199, 1058, 483, [1, 2, 0], [0, 16, 32], [16, 32, 32])
(200, 960, 395, [1, 2, 0], [0, 16, 32], [16, 32, 32])
(201, 1199, 108, [1, 2, 0], [0, 16, 32], [16, 32, 32])
(202, 1037, 419, [1, 2, 0], [0, 16, 32], [16, 32, 32])
(203, 1115, 413, [1, 2, 0], [0, 16, 32], [16, 32, 32])
(204, 977, 429, [1, 2, 0], [0, 16, 32], [16, 32, 32])
(205, 485, 91, [1, 2, 0], [0, 16, 32], [16, 32, 32])
(206, 1000, 414, [1, 2, 0], [0, 16, 32], [16, 32, 32])
(207, 1192, 646, [1, 2, 0], [0, 16, 32], [16, 32, 32])
(208, 203, 162, [1, 2, 0], [0, 16, 32], [16, 32, 32])
(209, 433, 84, [1, 2, 0], [0, 16, 32], [16, 32, 32])
(210, 1020, 414, [1, 2, 0], [0, 16, 32], [16, 32, 32])
(211, 1337, 38, [1, 2, 0], [0, 16, 32], [16, 32, 32])
(212, 996, 389, [1, 2, 0], [0, 16, 32], [16, 32, 32])
(213, 1171, 395, [1, 2, 0], [0, 16, 32], [16, 32, 32])
(214, 209, 183, [1, 2, 0], [0, 16, 32], [16, 32, 32])
(215, 380, 102, [1, 2, 0], [0, 16, 32], [16, 32, 32])
(216, 181, 124, [1, 2, 0], [0, 16, 32], [16, 32, 32])
(217, 304, 18, [1, 2, 0], [0, 16, 32], [16, 32, 32])
(218, 1204, 460, [1, 2, 0], [0, 16, 32], [16, 32, 32])
(219, 406, 93, [1, 2, 0], [0, 16, 32], [16, 32, 32])
(220, 407, 134, [1, 2, 0], [0, 16, 32], [16, 32, 32])
(221, 403, 135, [1, 2, 0], [0, 16, 32], [16, 32, 32])
(222, 197, 217, [1, 2, 0], [0, 16, 32], [16, 32, 32])
(223, 1180, 427, [1, 2, 0], [0, 16, 32], [16, 32, 32])
(224, 1105, 422, [1, 2, 0], [0, 16, 32], [16, 32, 32])
(225, 206, 186, [1, 2, 0], [0, 16, 32], [16, 32, 32])
(226, 1143, 414, [1, 2, 0], [0, 16, 32], [16, 32, 32])
(227, 452, 101, [1, 2, 0], [0, 16, 32], [16, 32, 32])
(228, 1759, 66, [1, 2, 0], [0, 16, 32], [16, 32, 32])
(229, 120, 12, [1, 2, 0], [0, 16, 32], [16, 32, 32])
(230, 388, 81, [1, 2, 0], [0, 16, 32], [16, 32, 32])
(231, 409, 86, [1, 2, 0], [0, 16, 32], [16, 32, 32])
(232, 1016, 420, [1, 2, 0], [0, 16, 32], [16, 32, 32])
(233, 1314, 157, [1, 2, 0], [0, 16, 32], [16, 32, 32])
(234, 1011, 396, [1, 2, 0], [0, 16, 32], [16, 32, 32])
(235, 427, 129, [1, 2, 0], [0, 16, 32], [16, 32, 32])
(236, 389, 60, [1, 2, 0], [0, 16, 32], [16, 32, 32])
(237, 1093, 425, [1, 2, 0], [0, 16, 32], [16, 32, 32])
(238, 311, 18, [1, 2, 0], [0, 16, 32], [16, 32, 32])
(239, 1166, 401, [1, 2, 0], [0, 16, 32], [16, 32, 32])
(240, 1045, 418, [1, 2, 0], [0, 16, 32], [16, 32, 32])
(241, 403, 92, [1, 2, 0], [0, 16, 32], [16, 32, 32])
(242, 1787, 103, [1, 2, 0], [0, 16, 32], [16, 32, 32])
(243, 1152, 503, [1, 2, 0], [0, 16, 32], [16, 32, 32])
(244, 979, 622, [1, 2, 0], [0, 16, 32], [16, 32, 32])
(245, 1528, 451, [1, 2, 0], [0, 16, 32], [16, 32, 32])
(246, 1078, 396, [1, 2, 0], [0, 16, 32], [16, 32, 32])
(247, 42, 153, [1, 2, 0], [0, 16, 32], [16, 32, 32])
(248, 197, 87, [1, 2, 0], [0, 16, 32], [16, 32, 32])
(249, 384, 87, [1, 2, 0], [0, 16, 32], [16, 32, 32])
(250, 393, 71, [1, 2, 0], [0, 16, 32], [16, 32, 32])
(251, 1318, 191, [1, 2, 0], [0, 16, 32], [16, 32, 32])
(252, 390, 94, [1, 2, 0], [0, 16, 32], [16, 32, 32])
(253, 1127, 385, [1, 2, 0], [0, 16, 32], [16, 32, 32])
(254, 419, 159, [1, 2, 0], [0, 16, 32], [16, 32, 32])
(255, 1030, 388, [1, 2, 0], [0, 16, 32], [16, 32, 32])
(256, 396, 108, [1, 2, 0], [0, 16, 32], [16, 32, 32])
(257, 10, 147, [1, 2, 0], [0, 16, 32], [16, 32, 32])
(258, 197, 162, [1, 2, 0], [0, 16, 32], [16, 32, 32])
(259, 240, 86, [1, 2, 0], [0, 16, 32], [16, 32, 32])
(260, 1034, 403, [1, 2, 0], [0, 16, 32], [16, 32, 32])
(261, 1104, 462, [1, 2, 0], [0, 16, 32], [16, 32, 32])
(262, 1733, 66, [1, 2, 0], [0, 16, 32], [16, 32, 32])
(263, 403, 91, [1, 2, 0], [0, 16, 32], [16, 32, 32])
(264, 374, 77, [1, 2, 0], [0, 16, 32], [16, 32, 32])
(265, 885, 94, [1, 2, 0], [0, 16, 32], [16, 32, 32])
(266, 446, 83, [1, 2, 0], [0, 16, 32], [16, 32, 32])
(267, 375, 86, [1, 2, 0], [0, 16, 32], [16, 32, 32])
(268, 991, 452, [1, 2, 0], [0, 16, 32], [16, 32, 32])
(269, 237, 143, [1, 2, 0], [0, 16, 32], [16, 32, 32])
(270, 1022, 411, [1, 2, 0], [0, 16, 32], [16, 32, 32])
(271, 1022, 396, [1, 2, 0], [0, 16, 32], [16, 32, 32])
(272, 1087, 418, [1, 2, 0], [0, 16, 32], [16, 32, 32])
(273, 1089, 411, [1, 2, 0], [0, 16, 32], [16, 32, 32])
(274, 398, 93, [1, 2, 0], [0, 16, 32], [16, 32, 32])
(275, 1099, 414, [1, 2, 0], [0, 16, 32], [16, 32, 32])
(276, 1026, 389, [1, 2, 0], [0, 16, 32], [16, 32, 32])
(277, 421, 81, [1, 2, 0], [0, 16, 32], [16, 32, 32])
(278, 719, 113, [1, 2, 0], [0, 16, 32], [16, 32, 32])
(279, 412, 197, [1, 2, 0], [0, 16, 32], [16, 32, 32])
(280, 402, 141, [1, 2, 0], [0, 16, 32], [16, 32, 32])
(281, 209, 152, [1, 2, 0], [0, 16, 32], [16, 32, 32])
(282, 415, 83, [1, 2, 0], [0, 16, 32], [16, 32, 32])
(283, 252, 67, [1, 2, 0], [0, 16, 32], [16, 32, 32])
(284, 459, 225, [1, 2, 0], [0, 16, 32], [16, 32, 32])
(285, 1066, 393, [1, 2, 0], [0, 16, 32], [16, 32, 32])
(286, 404, 132, [1, 2, 0], [0, 16, 32], [16, 32, 32])
(287, 181, 169, [1, 2, 0], [0, 16, 32], [16, 32, 32])
(288, 1041, 992, [1, 2, 0], [0, 16, 32], [16, 32, 32])
(289, 1001, 474, [1, 2, 0], [0, 16, 32], [16, 32, 32])
(290, 791, 69, [1, 2, 0], [0, 16, 32], [16, 32, 32])
(291, 1239, 420, [1, 2, 0], [0, 16, 32], [16, 32, 32])
(292, 1094, 404, [1, 2, 0], [0, 16, 32], [16, 32, 32])
(293, 1129, 423, [1, 2, 0], [0, 16, 32], [16, 32, 32])
(294, 411, 90, [1, 2, 0], [0, 16, 32], [16, 32, 32])
(295, 1896, 68, [1, 2, 0], [0, 16, 32], [16, 32, 32])
(296, 450, 118, [1, 2, 0], [0, 16, 32], [16, 32, 32])
(297, 402, 101, [1, 2, 0], [0, 16, 32], [16, 32, 32])
(298, 1114, 408, [1, 2, 0], [0, 16, 32], [16, 32, 32])
(299, 375, 83, [1, 2, 0], [0, 16, 32], [16, 32, 32])
(300, 1318, 191, [1, 2, 0], [0, 16, 32], [16, 32, 32])
(301, 384, 111, [1, 2, 0], [0, 16, 32], [16, 32, 32])
(302, 1048, 379, [1, 2, 0], [0, 16, 32], [16, 32, 32])
(303, 381, 60, [1, 2, 0], [0, 16, 32], [16, 32, 32])
(304, 432, 63, [1, 2, 0], [0, 16, 32], [16, 32, 32])
(305, 381, 85, [1, 2, 0], [0, 16, 32], [16, 32, 32])
(306, 1961, 96, [1, 2, 0], [0, 16, 32], [16, 32, 32])
(307, 407, 103, [1, 2, 0], [0, 16, 32], [16, 32, 32])
(308, 407, 104, [1, 2, 0], [0, 16, 32], [16, 32, 32])
(309, 1125, 386, [1, 2, 0], [0, 16, 32], [16, 32, 32])
(310, 194, 217, [1, 2, 0], [0, 16, 32], [16, 32, 32])
(311, 379, 78, [1, 2, 0], [0, 16, 32], [16, 32, 32])
(312, 1125, 401, [1, 2, 0], [0, 16, 32], [16, 32, 32])
(313, 1185, 396, [1, 2, 0], [0, 16, 32], [16, 32, 32])
(314, 439, 39, [1, 2, 0], [0, 16, 32], [16, 32, 32])
(315, 1043, 386, [1, 2, 0], [0, 16, 32], [16, 32, 32])
(316, 996, 400, [1, 2, 0], [0, 16, 32], [16, 32, 32])
(317, 402, 86, [1, 2, 0], [0, 16, 32], [16, 32, 32])
(318, 990, 89, [1, 2, 0], [0, 16, 32], [16, 32, 32])
(319, 395, 76, [1, 2, 0], [0, 16, 32], [16, 32, 32])
(320, 200, 181, [1, 2, 0], [0, 16, 32], [16, 32, 32])
(321, 979, 374, [1, 2, 0], [0, 16, 32], [16, 32, 32])
(322, 399, 109, [1, 2, 0], [0, 16, 32], [16, 32, 32])
(323, 1044, 409, [1, 2, 0], [0, 16, 32], [16, 32, 32])
(324, 1077, 393, [1, 2, 0], [0, 16, 32], [16, 32, 32])
(325, 1168, 453, [1, 2, 0], [0, 16, 32], [16, 32, 32])
(326, 914, 100, [1, 2, 0], [0, 16, 32], [16, 32, 32])
(327, 1123, 380, [1, 2, 0], [0, 16, 32], [16, 32, 32])
(328, 1872, 62, [1, 2, 0], [0, 16, 32], [16, 32, 32])
(329, 1204, 460, [1, 2, 0], [0, 16, 32], [16, 32, 32])
(330, 1113, 54, [1, 2, 0], [0, 16, 32], [16, 32, 32])
(331, 1153, 388, [1, 2, 0], [0, 16, 32], [16, 32, 32])
(332, 409, 86, [1, 2, 0], [0, 16, 32], [16, 32, 32])
(333, 1044, 483, [1, 2, 0], [0, 16, 32], [16, 32, 32])
(334, 1126, 446, [1, 2, 0], [0, 16, 32], [16, 32, 32])
(335, 400, 85, [1, 2, 0], [0, 16, 32], [16, 32, 32])
(336, 1018, 429, [1, 2, 0], [0, 16, 32], [16, 32, 32])
(337, 1317, 155, [1, 2, 0], [0, 16, 32], [16, 32, 32])
(338, 181, 86, [1, 2, 0], [0, 16, 32], [16, 32, 32])
(339, 1020, 429, [1, 2, 0], [0, 16, 32], [16, 32, 32])
(340, 867, 31, [1, 2, 0], [0, 16, 32], [16, 32, 32])
(341, 410, 120, [1, 2, 0], [0, 16, 32], [16, 32, 32])
(342, 379, 93, [1, 2, 0], [0, 16, 32], [16, 32, 32])
(343, 1062, 400, [1, 2, 0], [0, 16, 32], [16, 32, 32])
(344, 1213, 396, [1, 2, 0], [0, 16, 32], [16, 32, 32])
(345, 197, 217, [1, 2, 0], [0, 16, 32], [16, 32, 32])
(346, 833, 78, [1, 2, 0], [0, 16, 32], [16, 32, 32])
(347, 1066, 411, [1, 2, 0], [0, 16, 32], [16, 32, 32])
(348, 181, 85, [1, 2, 0], [0, 16, 32], [16, 32, 32])
(349, 1081, 68, [1, 2, 0], [0, 16, 32], [16, 32, 32])
(350, 1030, 396, [1, 2, 0], [0, 16, 32], [16, 32, 32])
(351, 1119, 427, [1, 2, 0], [0, 16, 32], [16, 32, 32])
(352, 383, 91, [1, 2, 0], [0, 16, 32], [16, 32, 32])
(353, 379, 78, [1, 2, 0], [0, 16, 32], [16, 32, 32])
(354, 212, 164, [1, 2, 0], [0, 16, 32], [16, 32, 32])
(355, 1352, 143, [1, 2, 0], [0, 16, 32], [16, 32, 32])
(356, 1062, 425, [1, 2, 0], [0, 16, 32], [16, 32, 32])
(357, 670, 40, [1, 2, 0], [0, 16, 32], [16, 32, 32])
(358, 1146, 418, [1, 2, 0], [0, 16, 32], [16, 32, 32])
(359, 1104, 374, [1, 2, 0], [0, 16, 32], [16, 32, 32])
(360, 399, 83, [1, 2, 0], [0, 16, 32], [16, 32, 32])
(361, 28, 176, [1, 2, 0], [0, 16, 32], [16, 32, 32])
(362, 209, 217, [1, 2, 0], [0, 16, 32], [16, 32, 32])
(363, 1049, 408, [1, 2, 0], [0, 16, 32], [16, 32, 32])
(364, 1078, 430, [1, 2, 0], [0, 16, 32], [16, 32, 32])
(365, 1165, 45, [1, 2, 0], [0, 16, 32], [16, 32, 32])
(366, 1078, 956, [1, 2, 0], [0, 16, 32], [16, 32, 32])
(367, 1050, 438, [1, 2, 0], [0, 16, 32], [16, 32, 32])
(368, 1165, 45, [1, 2, 0], [0, 16, 32], [16, 32, 32])
(369, 416, 90, [1, 2, 0], [0, 16, 32], [16, 32, 32])
(370, 1192, 646, [1, 2, 0], [0, 16, 32], [16, 32, 32])
(371, 1034, 519, [1, 2, 0], [0, 16, 32], [16, 32, 32])
(372, 403, 80, [1, 2, 0], [0, 16, 32], [16, 32, 32])
(373, 1066, 421, [1, 2, 0], [0, 16, 32], [16, 32, 32])
(374, 1042, 373, [1, 2, 0], [0, 16, 32], [16, 32, 32])
(375, 201, 258, [1, 2, 0], [0, 16, 32], [16, 32, 32])
(376, 1046, 572, [1, 2, 0], [0, 16, 32], [16, 32, 32])
(377, 404, 86, [1, 2, 0], [0, 16, 32], [16, 32, 32])
(378, 1124, 401, [1, 2, 0], [0, 16, 32], [16, 32, 32])
(379, 32, 112, [1, 2, 0], [0, 16, 32], [16, 32, 32])
(380, 14, 135, [1, 2, 0], [0, 16, 32], [16, 32, 32])
(381, 205, 81, [1, 2, 0], [0, 16, 32], [16, 32, 32])
(382, 1067, 375, [1, 2, 0], [0, 16, 32], [16, 32, 32])
(383, 956, 65, [1, 2, 0], [0, 16, 32], [16, 32, 32])
(384, 1249, 415, [1, 2, 0], [0, 16, 32], [16, 32, 32])
(385, 371, 69, [1, 2, 0], [0, 16, 32], [16, 32, 32])
(386, 397, 116, [1, 2, 0], [0, 16, 32], [16, 32, 32])
(387, 402, 65, [1, 2, 0], [0, 16, 32], [16, 32, 32])
(388, 455, 111, [1, 2, 0], [0, 16, 32], [16, 32, 32])
(389, 394, 89, [1, 2, 0], [0, 16, 32], [16, 32, 32])
(390, 1094, 396, [1, 2, 0], [0, 16, 32], [16, 32, 32])
(391, 1072, 504, [1, 2, 0], [0, 16, 32], [16, 32, 32])
(392, 954, 50, [1, 2, 0], [0, 16, 32], [16, 32, 32])
(393, 1060, 396, [1, 2, 0], [0, 16, 32], [16, 32, 32])
(394, 388, 84, [1, 2, 0], [0, 16, 32], [16, 32, 32])
(395, 10, 143, [1, 2, 0], [0, 16, 32], [16, 32, 32])
(396, 395, 107, [1, 2, 0], [0, 16, 32], [16, 32, 32])
(397, 218, 168, [1, 2, 0], [0, 16, 32], [16, 32, 32])
(398, 373, 76, [1, 2, 0], [0, 16, 32], [16, 32, 32])
(399, 398, 82, [1, 2, 0], [0, 16, 32], [16, 32, 32])
(400, 1161, 395, [1, 2, 0], [0, 16, 32], [16, 32, 32])
(401, 1164, 37, [1, 2, 0], [0, 16, 32], [16, 32, 32])
(402, 1069, 411, [1, 2, 0], [0, 16, 32], [16, 32, 32])
(403, 404, 95, [1, 2, 0], [0, 16, 32], [16, 32, 32])
(404, 22, 129, [1, 2, 0], [0, 16, 32], [16, 32, 32])
(405, 1221, 383, [1, 2, 0], [0, 16, 32], [16, 32, 32])
(406, 1240, 407, [1, 2, 0], [0, 16, 32], [16, 32, 32])
(407, 1484, 88, [1, 2, 0], [0, 16, 32], [16, 32, 32])
(408, 206, 211, [1, 2, 0], [0, 16, 32], [16, 32, 32])
(409, 1016, 411, [1, 2, 0], [0, 16, 32], [16, 32, 32])
(410, 417, 72, [1, 2, 0], [0, 16, 32], [16, 32, 32])
(411, 95, 175, [1, 2, 0], [0, 16, 32], [16, 32, 32])
(412, 428, 97, [1, 2, 0], [0, 16, 32], [16, 32, 32])
(413, 1055, 395, [1, 2, 0], [0, 16, 32], [16, 32, 32])
(414, 1130, 402, [1, 2, 0], [0, 16, 32], [16, 32, 32])
(415, 1313, 160, [1, 2, 0], [0, 16, 32], [16, 32, 32])
(416, 1745, 105, [1, 2, 0], [0, 16, 32], [16, 32, 32])
(417, 1043, 531, [1, 2, 0], [0, 16, 32], [16, 32, 32])
(418, 1095, 396, [1, 2, 0], [0, 16, 32], [16, 32, 32])
(419, 1109, 378, [1, 2, 0], [0, 16, 32], [16, 32, 32])
(420, 388, 77, [1, 2, 0], [0, 16, 32], [16, 32, 32])
(421, 197, 217, [1, 2, 0], [0, 16, 32], [16, 32, 32])
(422, 394, 80, [1, 2, 0], [0, 16, 32], [16, 32, 32])
(423, 912, 395, [1, 2, 0], [0, 16, 32], [16, 32, 32])
(424, 1062, 521, [1, 2, 0], [0, 16, 32], [16, 32, 32])
(425, 1051, 66, [1, 2, 0], [0, 16, 32], [16, 32, 32])
(426, 1125, 412, [1, 2, 0], [0, 16, 32], [16, 32, 32])
(427, 398, 98, [1, 2, 0], [0, 16, 32], [16, 32, 32])
(428, 1092, 720, [1, 2, 0], [0, 16, 32], [16, 32, 32])
(429, 1118, 384, [1, 2, 0], [0, 16, 32], [16, 32, 32])
(430, 388, 77, [1, 2, 0], [0, 16, 32], [16, 32, 32])
(431, 91, 16, [1, 2, 0], [0, 16, 32], [16, 32, 32])
(432, 1027, 414, [1, 2, 0], [0, 16, 32], [16, 32, 32])
(433, 435, 200, [1, 2, 0], [0, 16, 32], [16, 32, 32])
(434, 185, 150, [1, 2, 0], [0, 16, 32], [16, 32, 32])
(435, 370, 77, [1, 2, 0], [0, 16, 32], [16, 32, 32])
(436, 1053, 383, [1, 2, 0], [0, 16, 32], [16, 32, 32])
(437, 319, 18, [1, 2, 0], [0, 16, 32], [16, 32, 32])
(438, 189, 100, [1, 2, 0], [0, 16, 32], [16, 32, 32])
(439, 1112, 411, [1, 2, 0], [0, 16, 32], [16, 32, 32])
(440, 1104, 396, [1, 2, 0], [0, 16, 32], [16, 32, 32])
(441, 1123, 651, [1, 2, 0], [0, 16, 32], [16, 32, 32])
(442, 387, 169, [1, 2, 0], [0, 16, 32], [16, 32, 32])
(443, 1058, 373, [1, 2, 0], [0, 16, 32], [16, 32, 32])
(444, 791, 69, [1, 2, 0], [0, 16, 32], [16, 32, 32])
(445, 423, 86, [1, 2, 0], [0, 16, 32], [16, 32, 32])
(446, 1015, 398, [1, 2, 0], [0, 16, 32], [16, 32, 32])
(447, 642, 113, [1, 2, 0], [0, 16, 32], [16, 32, 32])
(448, 381, 60, [1, 2, 0], [0, 16, 32], [16, 32, 32])
(449, 1067, 395, [1, 2, 0], [0, 16, 32], [16, 32, 32])
(450, 408, 97, [1, 2, 0], [0, 16, 32], [16, 32, 32])
(451, 1119, 395, [1, 2, 0], [0, 16, 32], [16, 32, 32])
(452, 400, 89, [1, 2, 0], [0, 16, 32], [16, 32, 32])
(453, 1116, 401, [1, 2, 0], [0, 16, 32], [16, 32, 32])
(454, 202, 107, [1, 2, 0], [0, 16, 32], [16, 32, 32])
(455, 1321, 234, [1, 2, 0], [0, 16, 32], [16, 32, 32])
(456, 1358, 65, [1, 2, 0], [0, 16, 32], [16, 32, 32])
(457, 194, 74, [1, 2, 0], [0, 16, 32], [16, 32, 32])
(458, 1236, 376, [1, 2, 0], [0, 16, 32], [16, 32, 32])
(459, 1025, 401, [1, 2, 0], [0, 16, 32], [16, 32, 32])
(460, 1020, 400, [1, 2, 0], [0, 16, 32], [16, 32, 32])
(461, 1114, 396, [1, 2, 0], [0, 16, 32], [16, 32, 32])
(462, 883, 47, [1, 2, 0], [0, 16, 32], [16, 32, 32])
(463, 130, 173, [1, 2, 0], [0, 16, 32], [16, 32, 32])
(464, 408, 137, [1, 2, 0], [0, 16, 32], [16, 32, 32])
(465, 436, 91, [1, 2, 0], [0, 16, 32], [16, 32, 32])
(466, 1027, 396, [1, 2, 0], [0, 16, 32], [16, 32, 32])
(467, 1067, 375, [1, 2, 0], [0, 16, 32], [16, 32, 32])
(468, 1023, 430, [1, 2, 0], [0, 16, 32], [16, 32, 32])
(469, 9, 154, [1, 2, 0], [0, 16, 32], [16, 32, 32])
(470, 404, 101, [1, 2, 0], [0, 16, 32], [16, 32, 32])
(471, 1094, 383, [1, 2, 0], [0, 16, 32], [16, 32, 32])
(472, 1049, 394, [1, 2, 0], [0, 16, 32], [16, 32, 32])
(473, 971, 534, [1, 2, 0], [0, 16, 32], [16, 32, 32])
(474, 395, 113, [1, 2, 0], [0, 16, 32], [16, 32, 32])
