(0, 420, 124, [16, 15, 1, 17, 18, 3, 8, 9, 2, 14, 12, 23, 4, 11, 7, 5, 0], [0, 3, 7, 11, 14, 23, 26, 30, 34, 38, 42, 49, 53, 60, 68, 77, 80], [3, 7, 11, 14, 23, 26, 30, 34, 38, 42, 49, 53, 60, 68, 77, 80, 80])
(1, 388, 84, [16, 15, 1, 17, 18, 3, 24, 13, 10, 23, 6, 11, 7, 5, 0], [0, 3, 7, 11, 14, 23, 26, 33, 37, 49, 53, 60, 68, 77, 80], [3, 7, 11, 14, 23, 26, 33, 37, 49, 53, 60, 68, 77, 80, 80])
(2, 422, 144, [16, 15, 1, 17, 18, 3, 8, 9, 2, 14, 20, 19, 4, 11, 7, 5, 0], [0, 3, 7, 11, 14, 23, 26, 30, 34, 38, 42, 46, 53, 60, 68, 77, 80], [3, 7, 11, 14, 23, 26, 30, 34, 38, 42, 46, 53, 60, 68, 77, 80, 80])
(3, 1050, 397, [16, 15, 1, 17, 18, 3, 24, 13, 10, 23, 22, 11, 7, 5, 0], [0, 3, 7, 11, 14, 23, 26, 33, 37, 49, 53, 60, 68, 77, 80], [3, 7, 11, 14, 23, 26, 33, 37, 49, 53, 60, 68, 77, 80, 80])
(4, 374, 114, [16, 15, 1, 17, 18, 3, 8, 9, 2, 14, 12, 23, 4, 11, 7, 5, 0], [0, 3, 7, 11, 14, 23, 26, 30, 34, 38, 42, 49, 53, 60, 68, 77, 80], [3, 7, 11, 14, 23, 26, 30, 34, 38, 42, 49, 53, 60, 68, 77, 80, 80])
(5, 237, 126, [16, 15, 1, 17, 18, 3, 24, 13, 10, 23, 6, 11, 7, 5, 0], [0, 3, 7, 11, 14, 23, 26, 33, 37, 49, 53, 60, 68, 77, 80], [3, 7, 11, 14, 23, 26, 33, 37, 49, 53, 60, 68, 77, 80, 80])
(6, 405, 94, [16, 15, 1, 17, 18, 3, 8, 9, 2, 14, 20, 19, 6, 11, 7, 5, 0], [0, 3, 7, 11, 14, 23, 26, 30, 34, 38, 42, 46, 53, 60, 68, 77, 80], [3, 7, 11, 14, 23, 26, 30, 34, 38, 42, 46, 53, 60, 68, 77, 80, 80])
(7, 1066, 415, [16, 15, 1, 17, 18, 3, 8, 9, 2, 14, 20, 19, 22, 11, 7, 5, 0], [0, 3, 7, 11, 14, 23, 26, 30, 34, 38, 42, 46, 53, 60, 68, 77, 80], [3, 7, 11, 14, 23, 26, 30, 34, 38, 42, 46, 53, 60, 68, 77, 80, 80])
(8, 1092, 389, [16, 15, 1, 17, 18, 3, 24, 13, 10, 23, 22, 11, 7, 5, 0], [0, 3, 7, 11, 14, 23, 26, 33, 37, 49, 53, 60, 68, 77, 80], [3, 7, 11, 14, 23, 26, 33, 37, 49, 53, 60, 68, 77, 80, 80])
(9, 203, 217, [16, 15, 1, 17, 18, 3, 8, 9, 2, 14, 12, 23, 6, 11, 7, 5, 0], [0, 3, 7, 11, 14, 23, 26, 30, 34, 38, 42, 49, 53, 60, 68, 77, 80], [3, 7, 11, 14, 23, 26, 30, 34, 38, 42, 49, 53, 60, 68, 77, 80, 80])
(10, 1077, 483, [16, 15, 1, 17, 18, 3, 8, 9, 2, 14, 20, 19, 4, 11, 7, 5, 0], [0, 3, 7, 11, 14, 23, 26, 30, 34, 38, 42, 46, 53, 60, 68, 77, 80], [3, 7, 11, 14, 23, 26, 30, 34, 38, 42, 46, 53, 60, 68, 77, 80, 80])
(11, 181, 257, [16, 15, 1, 17, 18, 3, 24, 13, 10, 23, 4, 11, 7, 5, 0], [0, 3, 7, 11, 14, 23, 26, 33, 37, 49, 53, 60, 68, 77, 80], [3, 7, 11, 14, 23, 26, 33, 37, 49, 53, 60, 68, 77, 80, 80])
(12, 203, 162, [16, 15, 1, 17, 18, 3, 8, 9, 2, 14, 20, 19, 6, 11, 7, 5, 0], [0, 3, 7, 11, 14, 23, 26, 30, 34, 38, 42, 46, 53, 60, 68, 77, 80], [3, 7, 11, 14, 23, 26, 30, 34, 38, 42, 46, 53, 60, 68, 77, 80, 80])
(13, 408, 96, [16, 15, 1, 17, 18, 3, 24, 13, 10, 23, 22, 11, 7, 5, 0], [0, 3, 7, 11, 14, 23, 26, 33, 37, 49, 53, 60, 68, 77, 80], [3, 7, 11, 14, 23, 26, 33, 37, 49, 53, 60, 68, 77, 80, 80])
(14, 381, 76, [16, 15, 1, 17, 18, 3, 8, 9, 2, 14, 12, 23, 6, 11, 7, 5, 0], [0, 3, 7, 11, 14, 23, 26, 30, 34, 38, 42, 49, 53, 60, 68, 77, 80], [3, 7, 11, 14, 23, 26, 30, 34, 38, 42, 49, 53, 60, 68, 77, 80, 80])
(15, 1117, 427, [16, 15, 1, 17, 18, 3, 8, 9, 2, 14, 20, 19, 22, 11, 7, 5, 0], [0, 3, 7, 11, 14, 23, 26, 30, 34, 38, 42, 46, 53, 60, 68, 77, 80], [3, 7, 11, 14, 23, 26, 30, 34, 38, 42, 46, 53, 60, 68, 77, 80, 80])
(16, 393, 88, [16, 15, 1, 17, 18, 3, 24, 13, 10, 23, 4, 11, 7, 5, 0], [0, 3, 7, 11, 14, 23, 26, 33, 37, 49, 53, 60, 68, 77, 80], [3, 7, 11, 14, 23, 26, 33, 37, 49, 53, 60, 68, 77, 80, 80])
(17, 1071, 395, [16, 15, 1, 17, 18, 3, 8, 9, 2, 14, 12, 23, 22, 11, 7, 5, 0], [0, 3, 7, 11, 14, 23, 26, 30, 34, 38, 42, 49, 53, 60, 68, 77, 80], [3, 7, 11, 14, 23, 26, 30, 34, 38, 42, 49, 53, 60, 68, 77, 80, 80])
(18, 212, 217, [16, 15, 1, 17, 18, 3, 8, 9, 2, 14, 20, 19, 4, 11, 7, 5, 0], [0, 3, 7, 11, 14, 23, 26, 30, 34, 38, 42, 46, 53, 60, 68, 77, 80], [3, 7, 11, 14, 23, 26, 30, 34, 38, 42, 46, 53, 60, 68, 77, 80, 80])
(19, 405, 94, [16, 15, 1, 17, 18, 3, 8, 9, 2, 14, 20, 19, 6, 11, 7, 5, 0], [0, 3, 7, 11, 14, 23, 26, 30, 34, 38, 42, 46, 53, 60, 68, 77, 80], [3, 7, 11, 14, 23, 26, 30, 34, 38, 42, 46, 53, 60, 68, 77, 80, 80])
(20, 402, 113, [16, 15, 1, 17, 18, 3, 24, 13, 10, 23, 6, 11, 7, 5, 0], [0, 3, 7, 11, 14, 23, 26, 33, 37, 49, 53, 60, 68, 77, 80], [3, 7, 11, 14, 23, 26, 33, 37, 49, 53, 60, 68, 77, 80, 80])
(21, 405, 85, [16, 15, 1, 17, 18, 3, 8, 9, 2, 14, 12, 23, 4, 11, 7, 5, 0], [0, 3, 7, 11, 14, 23, 26, 30, 34, 38, 42, 49, 53, 60, 68, 77, 80], [3, 7, 11, 14, 23, 26, 30, 34, 38, 42, 49, 53, 60, 68, 77, 80, 80])
(22, 333, 18, [16, 15, 1, 17, 18, 3, 8, 9, 2, 14, 20, 19, 22, 11, 7, 5, 0], [0, 3, 7, 11, 14, 23, 26, 30, 34, 38, 42, 46, 53, 60, 68, 77, 80], [3, 7, 11, 14, 23, 26, 30, 34, 38, 42, 46, 53, 60, 68, 77, 80, 80])
(23, 374, 62, [16, 15, 1, 17, 18, 3, 24, 13, 10, 23, 22, 11, 7, 5, 0], [0, 3, 7, 11, 14, 23, 26, 33, 37, 49, 53, 60, 68, 77, 80], [3, 7, 11, 14, 23, 26, 33, 37, 49, 53, 60, 68, 77, 80, 80])
(24, 1010, 411, [16, 15, 1, 17, 18, 3, 8, 9, 2, 14, 20, 19, 4, 11, 7, 5, 0], [0, 3, 7, 11, 14, 23, 26, 30, 34, 38, 42, 46, 53, 60, 68, 77, 80], [3, 7, 11, 14, 23, 26, 30, 34, 38, 42, 46, 53, 60, 68, 77, 80, 80])
(25, 424, 114, [16, 15, 1, 17, 18, 3, 8, 9, 2, 14, 12, 23, 6, 11, 7, 5, 0], [0, 3, 7, 11, 14, 23, 26, 30, 34, 38, 42, 49, 53, 60, 68, 77, 80], [3, 7, 11, 14, 23, 26, 30, 34, 38, 42, 49, 53, 60, 68, 77, 80, 80])
(26, 379, 78, [16, 15, 1, 17, 18, 3, 24, 13, 10, 23, 4, 11, 7, 5, 0], [0, 3, 7, 11, 14, 23, 26, 33, 37, 49, 53, 60, 68, 77, 80], [3, 7, 11, 14, 23, 26, 33, 37, 49, 53, 60, 68, 77, 80, 80])
(27, 1999, 97, [16, 15, 1, 17, 18, 3, 8, 9, 2, 14, 20, 19, 6, 11, 7, 5, 0], [0, 3, 7, 11, 14, 23, 26, 30, 34, 38, 42, 46, 53, 60, 68, 77, 80], [3, 7, 11, 14, 23, 26, 30, 34, 38, 42, 46, 53, 60, 68, 77, 80, 80])
(28, 1126, 447, [16, 15, 1, 17, 18, 3, 24, 13, 10, 23, 22, 11, 7, 5, 0], [0, 3, 7, 11, 14, 23, 26, 33, 37, 49, 53, 60, 68, 77, 80], [3, 7, 11, 14, 23, 26, 33, 37, 49, 53, 60, 68, 77, 80, 80])
(29, 1065, 411, [16, 15, 1, 17, 18, 3, 8, 9, 2, 14, 12, 23, 4, 11, 7, 5, 0], [0, 3, 7, 11, 14, 23, 26, 30, 34, 38, 42, 49, 53, 60, 68, 77, 80], [3, 7, 11, 14, 23, 26, 30, 34, 38, 42, 49, 53, 60, 68, 77, 80, 80])
(30, 1119, 413, [16, 15, 1, 17, 18, 3, 8, 9, 2, 14, 20, 19, 22, 11, 7, 5, 0], [0, 3, 7, 11, 14, 23, 26, 30, 34, 38, 42, 46, 53, 60, 68, 77, 80], [3, 7, 11, 14, 23, 26, 30, 34, 38, 42, 46, 53, 60, 68, 77, 80, 80])
(31, 374, 76, [16, 15, 1, 17, 18, 3, 24, 13, 10, 23, 6, 11, 7, 5, 0], [0, 3, 7, 11, 14, 23, 26, 33, 37, 49, 53, 60, 68, 77, 80], [3, 7, 11, 14, 23, 26, 33, 37, 49, 53, 60, 68, 77, 80, 80])
(32, 1314, 232, [16, 15, 1, 17, 18, 3, 8, 9, 2, 14, 20, 19, 6, 11, 7, 5, 0], [0, 3, 7, 11, 14, 23, 26, 30, 34, 38, 42, 46, 53, 60, 68, 77, 80], [3, 7, 11, 14, 23, 26, 30, 34, 38, 42, 46, 53, 60, 68, 77, 80, 80])
(33, 415, 142, [16, 15, 1, 17, 18, 3, 24, 13, 10, 23, 6, 11, 7, 5, 0], [0, 3, 7, 11, 14, 23, 26, 33, 37, 49, 53, 60, 68, 77, 80], [3, 7, 11, 14, 23, 26, 33, 37, 49, 53, 60, 68, 77, 80, 80])
(34, 1070, 521, [16, 15, 1, 17, 18, 3, 8, 9, 2, 14, 12, 23, 4, 11, 7, 5, 0], [0, 3, 7, 11, 14, 23, 26, 30, 34, 38, 42, 49, 53, 60, 68, 77, 80], [3, 7, 11, 14, 23, 26, 30, 34, 38, 42, 49, 53, 60, 68, 77, 80, 80])
(35, 405, 94, [16, 15, 1, 17, 18, 3, 8, 9, 2, 14, 20, 19, 4, 11, 7, 5, 0], [0, 3, 7, 11, 14, 23, 26, 30, 34, 38, 42, 46, 53, 60, 68, 77, 80], [3, 7, 11, 14, 23, 26, 30, 34, 38, 42, 46, 53, 60, 68, 77, 80, 80])
(36, 1061, 415, [16, 15, 1, 17, 18, 3, 24, 13, 10, 23, 22, 11, 7, 5, 0], [0, 3, 7, 11, 14, 23, 26, 33, 37, 49, 53, 60, 68, 77, 80], [3, 7, 11, 14, 23, 26, 33, 37, 49, 53, 60, 68, 77, 80, 80])
(37, 1163, 418, [16, 15, 1, 17, 18, 3, 8, 9, 2, 14, 20, 19, 22, 11, 7, 5, 0], [0, 3, 7, 11, 14, 23, 26, 30, 34, 38, 42, 46, 53, 60, 68, 77, 80], [3, 7, 11, 14, 23, 26, 30, 34, 38, 42, 46, 53, 60, 68, 77, 80, 80])
(38, 984, 429, [16, 15, 1, 17, 18, 3, 8, 9, 2, 14, 12, 23, 6, 11, 7, 5, 0], [0, 3, 7, 11, 14, 23, 26, 30, 34, 38, 42, 49, 53, 60, 68, 77, 80], [3, 7, 11, 14, 23, 26, 30, 34, 38, 42, 49, 53, 60, 68, 77, 80, 80])
(39, 1036, 395, [16, 15, 1, 17, 18, 3, 24, 13, 10, 23, 4, 11, 7, 5, 0], [0, 3, 7, 11, 14, 23, 26, 33, 37, 49, 53, 60, 68, 77, 80], [3, 7, 11, 14, 23, 26, 33, 37, 49, 53, 60, 68, 77, 80, 80])
(40, 945, 388, [16, 15, 1, 17, 18, 3, 8, 9, 2, 14, 20, 19, 6, 11, 7, 5, 0], [0, 3, 7, 11, 14, 23, 26, 30, 34, 38, 42, 46, 53, 60, 68, 77, 80], [3, 7, 11, 14, 23, 26, 30, 34, 38, 42, 46, 53, 60, 68, 77, 80, 80])
(41, 1022, 443, [16, 15, 1, 17, 18, 3, 24, 13, 10, 23, 22, 11, 7, 5, 0], [0, 3, 7, 11, 14, 23, 26, 33, 37, 49, 53, 60, 68, 77, 80], [3, 7, 11, 14, 23, 26, 33, 37, 49, 53, 60, 68, 77, 80, 80])
(42, 395, 97, [16, 15, 1, 17, 18, 3, 8, 9, 2, 14, 12, 23, 6, 11, 7, 5, 0], [0, 3, 7, 11, 14, 23, 26, 30, 34, 38, 42, 49, 53, 60, 68, 77, 80], [3, 7, 11, 14, 23, 26, 30, 34, 38, 42, 49, 53, 60, 68, 77, 80, 80])
