(0, 420, 124, [16, 15, 1, 17, 18, 3, 8, 9, 2, 14, 20, 19, 6, 11, 7, 5, 0], [0, 3, 7, 11, 14, 23, 26, 30, 34, 38, 42, 46, 53, 60, 68, 77, -1], [3, 7, 11, 14, 23, 26, 30, 34, 38, 42, 46, 53, 60, 68, 77, 80, -1])
(1, 120, 12, [16, 15, 1, 17, 18, 3, 24, 13, 10, 23, 4, 11, 7, 5, 0], [0, 3, 7, 11, 14, 23, 26, 33, 37, 49, 53, 60, 68, 77, -1], [3, 7, 11, 14, 23, 26, 33, 37, 49, 53, 60, 68, 77, 80, -1])
(2, 388, 84, [16, 15, 1, 17, 18, 3, 24, 13, 10, 23, 4, 11, 7, 5, 0], [0, 3, 7, 11, 14, 23, 26, 33, 37, 49, 53, 60, 68, 77, -1], [3, 7, 11, 14, 23, 26, 33, 37, 49, 53, 60, 68, 77, 80, -1])
(3, 422, 144, [16, 15, 1, 17, 18, 3, 8, 9, 2, 14, 20, 19, 22, 11, 7, 5, 0], [0, 3, 7, 11, 14, 23, 26, 30, 34, 38, 42, 46, 53, 60, 68, 77, -1], [3, 7, 11, 14, 23, 26, 30, 34, 38, 42, 46, 53, 60, 68, 77, 80, -1])
(4, 1050, 397, [16, 15, 1, 17, 18, 3, 8, 9, 2, 14, 20, 19, 6, 11, 7, 5, 0], [0, 3, 7, 11, 14, 23, 26, 30, 34, 38, 42, 46, 53, 60, 68, 77, -1], [3, 7, 11, 14, 23, 26, 30, 34, 38, 42, 46, 53, 60, 68, 77, 80, -1])
(5, 401, 109, [16, 15, 1, 17, 18, 3, 24, 13, 10, 23, 4, 11, 7, 5, 0], [0, 3, 7, 11, 14, 23, 26, 33, 37, 49, 53, 60, 68, 77, -1], [3, 7, 11, 14, 23, 26, 33, 37, 49, 53, 60, 68, 77, 80, -1])
(6, 374, 114, [16, 15, 1, 17, 18, 3, 24, 13, 10, 23, 6, 11, 7, 5, 0], [0, 3, 7, 11, 14, 23, 26, 33, 37, 49, 53, 60, 68, 77, -1], [3, 7, 11, 14, 23, 26, 33, 37, 49, 53, 60, 68, 77, 80, -1])
(7, 413, 106, [16, 15, 1, 17, 18, 3, 8, 9, 2, 14, 12, 23, 4, 11, 7, 5, 0], [0, 3, 7, 11, 14, 23, 26, 30, 34, 38, 42, 49, 53, 60, 68, 77, -1], [3, 7, 11, 14, 23, 26, 30, 34, 38, 42, 49, 53, 60, 68, 77, 80, -1])
(8, 1103, 414, [16, 15, 1, 17, 18, 3, 8, 9, 2, 14, 20, 19, 22, 11, 7, 5, 0], [0, 3, 7, 11, 14, 23, 26, 30, 34, 38, 42, 46, 53, 60, 68, 77, -1], [3, 7, 11, 14, 23, 26, 30, 34, 38, 42, 46, 53, 60, 68, 77, 80, -1])
(9, 209, 217, [16, 15, 1, 17, 18, 3, 24, 13, 10, 23, 6, 11, 7, 5, 0], [0, 3, 7, 11, 14, 23, 26, 33, 37, 49, 53, 60, 68, 77, -1], [3, 7, 11, 14, 23, 26, 33, 37, 49, 53, 60, 68, 77, 80, -1])
(10, 1066, 415, [16, 15, 1, 17, 18, 3, 24, 13, 10, 23, 4, 11, 7, 5, 0], [0, 3, 7, 11, 14, 23, 26, 33, 37, 49, 53, 60, 68, 77, -1], [3, 7, 11, 14, 23, 26, 33, 37, 49, 53, 60, 68, 77, 80, -1])
(11, 409, 93, [16, 15, 1, 17, 18, 3, 8, 9, 2, 14, 12, 23, 6, 11, 7, 5, 0], [0, 3, 7, 11, 14, 23, 26, 30, 34, 38, 42, 49, 53, 60, 68, 77, -1], [3, 7, 11, 14, 23, 26, 30, 34, 38, 42, 49, 53, 60, 68, 77, 80, -1])
(12, 203, 138, [16, 15, 1, 17, 18, 3, 24, 13, 10, 23, 4, 11, 7, 5, 0], [0, 3, 7, 11, 14, 23, 26, 33, 37, 49, 53, 60, 68, 77, -1], [3, 7, 11, 14, 23, 26, 33, 37, 49, 53, 60, 68, 77, 80, -1])
(13, 1096, 398, [16, 15, 1, 17, 18, 3, 8, 9, 2, 14, 20, 19, 6, 11, 7, 5, 0], [0, 3, 7, 11, 14, 23, 26, 30, 34, 38, 42, 46, 53, 60, 68, 77, -1], [3, 7, 11, 14, 23, 26, 30, 34, 38, 42, 46, 53, 60, 68, 77, 80, -1])
(14, 440, 95, [16, 15, 1, 17, 18, 3, 24, 13, 10, 23, 4, 11, 7, 5, 0], [0, 3, 7, 11, 14, 23, 26, 33, 37, 49, 53, 60, 68, 77, -1], [3, 7, 11, 14, 23, 26, 33, 37, 49, 53, 60, 68, 77, 80, -1])
(15, 1041, 400, [16, 15, 1, 17, 18, 3, 8, 9, 2, 14, 12, 23, 4, 11, 7, 5, 0], [0, 3, 7, 11, 14, 23, 26, 30, 34, 38, 42, 49, 53, 60, 68, 77, -1], [3, 7, 11, 14, 23, 26, 30, 34, 38, 42, 49, 53, 60, 68, 77, 80, -1])
(16, 1353, 156, [16, 15, 1, 17, 18, 3, 24, 13, 10, 23, 4, 11, 7, 5, 0], [0, 3, 7, 11, 14, 23, 26, 33, 37, 49, 53, 60, 68, 77, -1], [3, 7, 11, 14, 23, 26, 33, 37, 49, 53, 60, 68, 77, 80, -1])
(17, 1089, 525, [16, 15, 1, 17, 18, 3, 8, 9, 2, 14, 20, 19, 22, 11, 7, 5, 0], [0, 3, 7, 11, 14, 23, 26, 30, 34, 38, 42, 46, 53, 60, 68, 77, -1], [3, 7, 11, 14, 23, 26, 30, 34, 38, 42, 46, 53, 60, 68, 77, 80, -1])
(18, 408, 96, [16, 15, 1, 17, 18, 3, 24, 13, 10, 23, 6, 11, 7, 5, 0], [0, 3, 7, 11, 14, 23, 26, 33, 37, 49, 53, 60, 68, 77, -1], [3, 7, 11, 14, 23, 26, 33, 37, 49, 53, 60, 68, 77, 80, -1])
(19, 381, 76, [16, 15, 1, 17, 18, 3, 8, 9, 2, 14, 12, 23, 6, 11, 7, 5, 0], [0, 3, 7, 11, 14, 23, 26, 30, 34, 38, 42, 49, 53, 60, 68, 77, -1], [3, 7, 11, 14, 23, 26, 30, 34, 38, 42, 49, 53, 60, 68, 77, 80, -1])
(20, 395, 101, [16, 15, 1, 17, 18, 3, 8, 9, 2, 14, 20, 19, 6, 11, 7, 5, 0], [0, 3, 7, 11, 14, 23, 26, 30, 34, 38, 42, 46, 53, 60, 68, 77, -1], [3, 7, 11, 14, 23, 26, 30, 34, 38, 42, 46, 53, 60, 68, 77, 80, -1])
(21, 1117, 427, [16, 15, 1, 17, 18, 3, 24, 13, 10, 23, 4, 11, 7, 5, 0], [0, 3, 7, 11, 14, 23, 26, 33, 37, 49, 53, 60, 68, 77, -1], [3, 7, 11, 14, 23, 26, 33, 37, 49, 53, 60, 68, 77, 80, -1])
(22, 476, 112, [16, 15, 1, 17, 18, 3, 8, 9, 2, 14, 20, 19, 6, 11, 7, 5, 0], [0, 3, 7, 11, 14, 23, 26, 30, 34, 38, 42, 46, 53, 60, 68, 77, -1], [3, 7, 11, 14, 23, 26, 30, 34, 38, 42, 46, 53, 60, 68, 77, 80, -1])
(23, 976, 40, [16, 15, 1, 17, 18, 3, 8, 9, 2, 14, 20, 19, 6, 11, 7, 5, 0], [0, 3, 7, 11, 14, 23, 26, 30, 34, 38, 42, 46, 53, 60, 68, 77, -1], [3, 7, 11, 14, 23, 26, 30, 34, 38, 42, 46, 53, 60, 68, 77, 80, -1])
(24, 1189, 74, [16, 15, 1, 17, 18, 3, 8, 9, 2, 14, 12, 23, 6, 11, 7, 5, 0], [0, 3, 7, 11, 14, 23, 26, 30, 34, 38, 42, 49, 53, 60, 68, 77, -1], [3, 7, 11, 14, 23, 26, 30, 34, 38, 42, 49, 53, 60, 68, 77, 80, -1])
(25, 1082, 385, [16, 15, 1, 17, 18, 3, 24, 13, 10, 23, 4, 11, 7, 5, 0], [0, 3, 7, 11, 14, 23, 26, 33, 37, 49, 53, 60, 68, 77, -1], [3, 7, 11, 14, 23, 26, 33, 37, 49, 53, 60, 68, 77, 80, -1])
(26, 405, 94, [16, 15, 1, 17, 18, 3, 8, 9, 2, 14, 20, 19, 22, 11, 7, 5, 0], [0, 3, 7, 11, 14, 23, 26, 30, 34, 38, 42, 46, 53, 60, 68, 77, -1], [3, 7, 11, 14, 23, 26, 30, 34, 38, 42, 46, 53, 60, 68, 77, 80, -1])
(27, 402, 113, [16, 15, 1, 17, 18, 3, 24, 13, 10, 23, 4, 11, 7, 5, 0], [0, 3, 7, 11, 14, 23, 26, 33, 37, 49, 53, 60, 68, 77, -1], [3, 7, 11, 14, 23, 26, 33, 37, 49, 53, 60, 68, 77, 80, -1])
(28, 200, 205, [16, 15, 1, 17, 18, 3, 8, 9, 2, 14, 20, 19, 22, 11, 7, 5, 0], [0, 3, 7, 11, 14, 23, 26, 30, 34, 38, 42, 46, 53, 60, 68, 77, -1], [3, 7, 11, 14, 23, 26, 30, 34, 38, 42, 46, 53, 60, 68, 77, 80, -1])
(29, 1015, 409, [16, 15, 1, 17, 18, 3, 8, 9, 2, 14, 20, 19, 6, 11, 7, 5, 0], [0, 3, 7, 11, 14, 23, 26, 30, 34, 38, 42, 46, 53, 60, 68, 77, -1], [3, 7, 11, 14, 23, 26, 30, 34, 38, 42, 46, 53, 60, 68, 77, 80, -1])
(30, 1210, 380, [16, 15, 1, 17, 18, 3, 24, 13, 10, 23, 4, 11, 7, 5, 0], [0, 3, 7, 11, 14, 23, 26, 33, 37, 49, 53, 60, 68, 77, -1], [3, 7, 11, 14, 23, 26, 33, 37, 49, 53, 60, 68, 77, 80, -1])
(31, 200, 130, [16, 15, 1, 17, 18, 3, 8, 9, 2, 14, 12, 23, 6, 11, 7, 5, 0], [0, 3, 7, 11, 14, 23, 26, 30, 34, 38, 42, 49, 53, 60, 68, 77, -1], [3, 7, 11, 14, 23, 26, 30, 34, 38, 42, 49, 53, 60, 68, 77, 80, -1])
(32, 375, 70, [16, 15, 1, 17, 18, 3, 8, 9, 2, 14, 20, 19, 22, 11, 7, 5, 0], [0, 3, 7, 11, 14, 23, 26, 30, 34, 38, 42, 46, 53, 60, 68, 77, -1], [3, 7, 11, 14, 23, 26, 30, 34, 38, 42, 46, 53, 60, 68, 77, 80, -1])
(33, 17, 81, [16, 15, 1, 17, 18, 3, 8, 9, 2, 14, 12, 23, 6, 11, 7, 5, 0], [0, 3, 7, 11, 14, 23, 26, 30, 34, 38, 42, 49, 53, 60, 68, 77, -1], [3, 7, 11, 14, 23, 26, 30, 34, 38, 42, 49, 53, 60, 68, 77, 80, -1])
(34, 424, 114, [16, 15, 1, 17, 18, 3, 8, 9, 2, 14, 20, 19, 22, 11, 7, 5, 0], [0, 3, 7, 11, 14, 23, 26, 30, 34, 38, 42, 46, 53, 60, 68, 77, -1], [3, 7, 11, 14, 23, 26, 30, 34, 38, 42, 46, 53, 60, 68, 77, 80, -1])
(35, 379, 78, [16, 15, 1, 17, 18, 3, 24, 13, 10, 23, 6, 11, 7, 5, 0], [0, 3, 7, 11, 14, 23, 26, 33, 37, 49, 53, 60, 68, 77, -1], [3, 7, 11, 14, 23, 26, 33, 37, 49, 53, 60, 68, 77, 80, -1])
(36, 1999, 97, [16, 15, 1, 17, 18, 3, 8, 9, 2, 14, 20, 19, 6, 11, 7, 5, 0], [0, 3, 7, 11, 14, 23, 26, 30, 34, 38, 42, 46, 53, 60, 68, 77, -1], [3, 7, 11, 14, 23, 26, 30, 34, 38, 42, 46, 53, 60, 68, 77, 80, -1])
(37, 1126, 447, [16, 15, 1, 17, 18, 3, 24, 13, 10, 23, 4, 11, 7, 5, 0], [0, 3, 7, 11, 14, 23, 26, 33, 37, 49, 53, 60, 68, 77, -1], [3, 7, 11, 14, 23, 26, 33, 37, 49, 53, 60, 68, 77, 80, -1])
(38, 210, 64, [16, 15, 1, 17, 18, 3, 24, 13, 10, 23, 6, 11, 7, 5, 0], [0, 3, 7, 11, 14, 23, 26, 33, 37, 49, 53, 60, 68, 77, -1], [3, 7, 11, 14, 23, 26, 33, 37, 49, 53, 60, 68, 77, 80, -1])
(39, 1065, 411, [16, 15, 1, 17, 18, 3, 8, 9, 2, 14, 12, 23, 4, 11, 7, 5, 0], [0, 3, 7, 11, 14, 23, 26, 30, 34, 38, 42, 49, 53, 60, 68, 77, -1], [3, 7, 11, 14, 23, 26, 30, 34, 38, 42, 49, 53, 60, 68, 77, 80, -1])
(40, 379, 48, [16, 15, 1, 17, 18, 3, 24, 13, 10, 23, 6, 11, 7, 5, 0], [0, 3, 7, 11, 14, 23, 26, 33, 37, 49, 53, 60, 68, 77, -1], [3, 7, 11, 14, 23, 26, 33, 37, 49, 53, 60, 68, 77, 80, -1])
(41, 181, 162, [16, 15, 1, 17, 18, 3, 24, 13, 10, 23, 6, 11, 7, 5, 0], [0, 3, 7, 11, 14, 23, 26, 33, 37, 49, 53, 60, 68, 77, -1], [3, 7, 11, 14, 23, 26, 33, 37, 49, 53, 60, 68, 77, 80, -1])
(42, 374, 76, [16, 15, 1, 17, 18, 3, 8, 9, 2, 14, 20, 19, 22, 11, 7, 5, 0], [0, 3, 7, 11, 14, 23, 26, 30, 34, 38, 42, 46, 53, 60, 68, 77, -1], [3, 7, 11, 14, 23, 26, 30, 34, 38, 42, 46, 53, 60, 68, 77, 80, -1])
(43, 1092, 720, [16, 15, 1, 17, 18, 3, 8, 9, 2, 14, 20, 19, 22, 11, 7, 5, 0], [0, 3, 7, 11, 14, 23, 26, 30, 34, 38, 42, 46, 53, 60, 68, 77, -1], [3, 7, 11, 14, 23, 26, 30, 34, 38, 42, 46, 53, 60, 68, 77, 80, -1])
(44, 1126, 397, [16, 15, 1, 17, 18, 3, 24, 13, 10, 23, 4, 11, 7, 5, 0], [0, 3, 7, 11, 14, 23, 26, 33, 37, 49, 53, 60, 68, 77, -1], [3, 7, 11, 14, 23, 26, 33, 37, 49, 53, 60, 68, 77, 80, -1])
(45, 409, 143, [16, 15, 1, 17, 18, 3, 8, 9, 2, 14, 12, 23, 6, 11, 7, 5, 0], [0, 3, 7, 11, 14, 23, 26, 30, 34, 38, 42, 49, 53, 60, 68, 77, -1], [3, 7, 11, 14, 23, 26, 30, 34, 38, 42, 49, 53, 60, 68, 77, 80, -1])
(46, 1094, 376, [16, 15, 1, 17, 18, 3, 8, 9, 2, 14, 20, 19, 6, 11, 7, 5, 0], [0, 3, 7, 11, 14, 23, 26, 30, 34, 38, 42, 46, 53, 60, 68, 77, -1], [3, 7, 11, 14, 23, 26, 30, 34, 38, 42, 46, 53, 60, 68, 77, 80, -1])
(47, 1073, 411, [16, 15, 1, 17, 18, 3, 24, 13, 10, 23, 4, 11, 7, 5, 0], [0, 3, 7, 11, 14, 23, 26, 33, 37, 49, 53, 60, 68, 77, -1], [3, 7, 11, 14, 23, 26, 33, 37, 49, 53, 60, 68, 77, 80, -1])
(48, 459, 387, [16, 15, 1, 17, 18, 3, 8, 9, 2, 14, 12, 23, 6, 11, 7, 5, 0], [0, 3, 7, 11, 14, 23, 26, 30, 34, 38, 42, 49, 53, 60, 68, 77, -1], [3, 7, 11, 14, 23, 26, 30, 34, 38, 42, 49, 53, 60, 68, 77, 80, -1])
(49, 1130, 396, [16, 15, 1, 17, 18, 3, 8, 9, 2, 14, 20, 19, 22, 11, 7, 5, 0], [0, 3, 7, 11, 14, 23, 26, 30, 34, 38, 42, 46, 53, 60, 68, 77, -1], [3, 7, 11, 14, 23, 26, 30, 34, 38, 42, 46, 53, 60, 68, 77, 80, -1])
(50, 422, 111, [16, 15, 1, 17, 18, 3, 24, 13, 10, 23, 6, 11, 7, 5, 0], [0, 3, 7, 11, 14, 23, 26, 33, 37, 49, 53, 60, 68, 77, -1], [3, 7, 11, 14, 23, 26, 33, 37, 49, 53, 60, 68, 77, 80, -1])
(51, 91, 24, [16, 15, 1, 17, 18, 3, 24, 13, 10, 23, 4, 11, 7, 5, 0], [0, 3, 7, 11, 14, 23, 26, 33, 37, 49, 53, 60, 68, 77, -1], [3, 7, 11, 14, 23, 26, 33, 37, 49, 53, 60, 68, 77, 80, -1])
(52, 1548, 90, [16, 15, 1, 17, 18, 3, 8, 9, 2, 14, 20, 19, 6, 11, 7, 5, 0], [0, 3, 7, 11, 14, 23, 26, 30, 34, 38, 42, 46, 53, 60, 68, 77, -1], [3, 7, 11, 14, 23, 26, 30, 34, 38, 42, 46, 53, 60, 68, 77, 80, -1])
(53, 200, 167, [16, 15, 1, 17, 18, 3, 24, 13, 10, 23, 4, 11, 7, 5, 0], [0, 3, 7, 11, 14, 23, 26, 33, 37, 49, 53, 60, 68, 77, -1], [3, 7, 11, 14, 23, 26, 33, 37, 49, 53, 60, 68, 77, 80, -1])
(54, 1022, 443, [16, 15, 1, 17, 18, 3, 24, 13, 10, 23, 4, 11, 7, 5, 0], [0, 3, 7, 11, 14, 23, 26, 33, 37, 49, 53, 60, 68, 77, -1], [3, 7, 11, 14, 23, 26, 33, 37, 49, 53, 60, 68, 77, 80, -1])
(55, 395, 97, [16, 15, 1, 17, 18, 3, 24, 13, 10, 23, 6, 11, 7, 5, 0], [0, 3, 7, 11, 14, 23, 26, 33, 37, 49, 53, 60, 68, 77, -1], [3, 7, 11, 14, 23, 26, 33, 37, 49, 53, 60, 68, 77, 80, -1])
(56, 1043, 396, [16, 15, 1, 17, 18, 3, 8, 9, 2, 14, 12, 23, 4, 11, 7, 5, 0], [0, 3, 7, 11, 14, 23, 26, 30, 34, 38, 42, 49, 53, 60, 68, 77, -1], [3, 7, 11, 14, 23, 26, 30, 34, 38, 42, 49, 53, 60, 68, 77, 80, -1])
(57, 924, 74, [16, 15, 1, 17, 18, 3, 24, 13, 10, 23, 4, 11, 7, 5, 0], [0, 3, 7, 11, 14, 23, 26, 33, 37, 49, 53, 60, 68, 77, -1], [3, 7, 11, 14, 23, 26, 33, 37, 49, 53, 60, 68, 77, 80, -1])
(58, 1028, 411, [16, 15, 1, 17, 18, 3, 8, 9, 2, 14, 20, 19, 22, 11, 7, 5, 0], [0, 3, 7, 11, 14, 23, 26, 30, 34, 38, 42, 46, 53, 60, 68, 77, -1], [3, 7, 11, 14, 23, 26, 30, 34, 38, 42, 46, 53, 60, 68, 77, 80, -1])
(59, 1019, 396, [16, 15, 1, 17, 18, 3, 8, 9, 2, 14, 12, 23, 6, 11, 7, 5, 0], [0, 3, 7, 11, 14, 23, 26, 30, 34, 38, 42, 49, 53, 60, 68, 77, -1], [3, 7, 11, 14, 23, 26, 30, 34, 38, 42, 49, 53, 60, 68, 77, 80, -1])
(60, 194, 217, [16, 15, 1, 17, 18, 3, 24, 13, 10, 23, 4, 11, 7, 5, 0], [0, 3, 7, 11, 14, 23, 26, 33, 37, 49, 53, 60, 68, 77, -1], [3, 7, 11, 14, 23, 26, 33, 37, 49, 53, 60, 68, 77, 80, -1])
(61, 1028, 411, [16, 15, 1, 17, 18, 3, 24, 13, 10, 23, 4, 11, 7, 5, 0], [0, 3, 7, 11, 14, 23, 26, 33, 37, 49, 53, 60, 68, 77, -1], [3, 7, 11, 14, 23, 26, 33, 37, 49, 53, 60, 68, 77, 80, -1])
(62, 1050, 404, [16, 15, 1, 17, 18, 3, 8, 9, 2, 14, 20, 19, 6, 11, 7, 5, 0], [0, 3, 7, 11, 14, 23, 26, 30, 34, 38, 42, 46, 53, 60, 68, 77, -1], [3, 7, 11, 14, 23, 26, 30, 34, 38, 42, 46, 53, 60, 68, 77, 80, -1])
(63, 1023, 396, [16, 15, 1, 17, 18, 3, 24, 13, 10, 23, 4, 11, 7, 5, 0], [0, 3, 7, 11, 14, 23, 26, 33, 37, 49, 53, 60, 68, 77, -1], [3, 7, 11, 14, 23, 26, 33, 37, 49, 53, 60, 68, 77, 80, -1])
(64, 962, 429, [16, 15, 1, 17, 18, 3, 8, 9, 2, 14, 20, 19, 6, 11, 7, 5, 0], [0, 3, 7, 11, 14, 23, 26, 30, 34, 38, 42, 46, 53, 60, 68, 77, -1], [3, 7, 11, 14, 23, 26, 30, 34, 38, 42, 46, 53, 60, 68, 77, 80, -1])
(65, 879, 55, [16, 15, 1, 17, 18, 3, 8, 9, 2, 14, 12, 23, 6, 11, 7, 5, 0], [0, 3, 7, 11, 14, 23, 26, 30, 34, 38, 42, 49, 53, 60, 68, 77, -1], [3, 7, 11, 14, 23, 26, 30, 34, 38, 42, 49, 53, 60, 68, 77, 80, -1])
(66, 1199, 108, [16, 15, 1, 17, 18, 3, 24, 13, 10, 23, 4, 11, 7, 5, 0], [0, 3, 7, 11, 14, 23, 26, 33, 37, 49, 53, 60, 68, 77, -1], [3, 7, 11, 14, 23, 26, 33, 37, 49, 53, 60, 68, 77, 80, -1])
(67, 977, 429, [16, 15, 1, 17, 18, 3, 8, 9, 2, 14, 20, 19, 22, 11, 7, 5, 0], [0, 3, 7, 11, 14, 23, 26, 30, 34, 38, 42, 46, 53, 60, 68, 77, -1], [3, 7, 11, 14, 23, 26, 30, 34, 38, 42, 46, 53, 60, 68, 77, 80, -1])
(68, 1000, 414, [16, 15, 1, 17, 18, 3, 8, 9, 2, 14, 20, 19, 6, 11, 7, 5, 0], [0, 3, 7, 11, 14, 23, 26, 30, 34, 38, 42, 46, 53, 60, 68, 77, -1], [3, 7, 11, 14, 23, 26, 30, 34, 38, 42, 46, 53, 60, 68, 77, 80, -1])
(69, 433, 84, [16, 15, 1, 17, 18, 3, 24, 13, 10, 23, 6, 11, 7, 5, 0], [0, 3, 7, 11, 14, 23, 26, 33, 37, 49, 53, 60, 68, 77, -1], [3, 7, 11, 14, 23, 26, 33, 37, 49, 53, 60, 68, 77, 80, -1])
(70, 1171, 395, [16, 15, 1, 17, 18, 3, 8, 9, 2, 14, 20, 19, 22, 11, 7, 5, 0], [0, 3, 7, 11, 14, 23, 26, 30, 34, 38, 42, 46, 53, 60, 68, 77, -1], [3, 7, 11, 14, 23, 26, 30, 34, 38, 42, 46, 53, 60, 68, 77, 80, -1])
(71, 380, 102, [16, 15, 1, 17, 18, 3, 24, 13, 10, 23, 4, 11, 7, 5, 0], [0, 3, 7, 11, 14, 23, 26, 33, 37, 49, 53, 60, 68, 77, -1], [3, 7, 11, 14, 23, 26, 33, 37, 49, 53, 60, 68, 77, 80, -1])
(72, 304, 18, [16, 15, 1, 17, 18, 3, 24, 13, 10, 23, 4, 11, 7, 5, 0], [0, 3, 7, 11, 14, 23, 26, 33, 37, 49, 53, 60, 68, 77, -1], [3, 7, 11, 14, 23, 26, 33, 37, 49, 53, 60, 68, 77, 80, -1])
(73, 403, 135, [16, 15, 1, 17, 18, 3, 24, 13, 10, 23, 6, 11, 7, 5, 0], [0, 3, 7, 11, 14, 23, 26, 33, 37, 49, 53, 60, 68, 77, -1], [3, 7, 11, 14, 23, 26, 33, 37, 49, 53, 60, 68, 77, 80, -1])
(74, 206, 186, [16, 15, 1, 17, 18, 3, 8, 9, 2, 14, 12, 23, 4, 11, 7, 5, 0], [0, 3, 7, 11, 14, 23, 26, 30, 34, 38, 42, 49, 53, 60, 68, 77, -1], [3, 7, 11, 14, 23, 26, 30, 34, 38, 42, 49, 53, 60, 68, 77, 80, -1])
(75, 120, 12, [16, 15, 1, 17, 18, 3, 8, 9, 2, 14, 12, 23, 4, 11, 7, 5, 0], [0, 3, 7, 11, 14, 23, 26, 30, 34, 38, 42, 49, 53, 60, 68, 77, -1], [3, 7, 11, 14, 23, 26, 30, 34, 38, 42, 49, 53, 60, 68, 77, 80, -1])
(76, 1016, 420, [16, 15, 1, 17, 18, 3, 8, 9, 2, 14, 12, 23, 4, 11, 7, 5, 0], [0, 3, 7, 11, 14, 23, 26, 30, 34, 38, 42, 49, 53, 60, 68, 77, -1], [3, 7, 11, 14, 23, 26, 30, 34, 38, 42, 49, 53, 60, 68, 77, 80, -1])
(77, 1314, 157, [16, 15, 1, 17, 18, 3, 24, 13, 10, 23, 4, 11, 7, 5, 0], [0, 3, 7, 11, 14, 23, 26, 33, 37, 49, 53, 60, 68, 77, -1], [3, 7, 11, 14, 23, 26, 33, 37, 49, 53, 60, 68, 77, 80, -1])
(78, 1093, 425, [16, 15, 1, 17, 18, 3, 8, 9, 2, 14, 20, 19, 6, 11, 7, 5, 0], [0, 3, 7, 11, 14, 23, 26, 30, 34, 38, 42, 46, 53, 60, 68, 77, -1], [3, 7, 11, 14, 23, 26, 30, 34, 38, 42, 46, 53, 60, 68, 77, 80, -1])
(79, 403, 92, [16, 15, 1, 17, 18, 3, 24, 13, 10, 23, 6, 11, 7, 5, 0], [0, 3, 7, 11, 14, 23, 26, 33, 37, 49, 53, 60, 68, 77, -1], [3, 7, 11, 14, 23, 26, 33, 37, 49, 53, 60, 68, 77, 80, -1])
(80, 1152, 503, [16, 15, 1, 17, 18, 3, 8, 9, 2, 14, 20, 19, 6, 11, 7, 5, 0], [0, 3, 7, 11, 14, 23, 26, 30, 34, 38, 42, 46, 53, 60, 68, 77, -1], [3, 7, 11, 14, 23, 26, 30, 34, 38, 42, 46, 53, 60, 68, 77, 80, -1])
(81, 979, 622, [16, 15, 1, 17, 18, 3, 24, 13, 10, 23, 6, 11, 7, 5, 0], [0, 3, 7, 11, 14, 23, 26, 33, 37, 49, 53, 60, 68, 77, -1], [3, 7, 11, 14, 23, 26, 33, 37, 49, 53, 60, 68, 77, 80, -1])
(82, 197, 87, [16, 15, 1, 17, 18, 3, 8, 9, 2, 14, 12, 23, 4, 11, 7, 5, 0], [0, 3, 7, 11, 14, 23, 26, 30, 34, 38, 42, 49, 53, 60, 68, 77, -1], [3, 7, 11, 14, 23, 26, 30, 34, 38, 42, 49, 53, 60, 68, 77, 80, -1])
(83, 1318, 191, [16, 15, 1, 17, 18, 3, 8, 9, 2, 14, 20, 19, 22, 11, 7, 5, 0], [0, 3, 7, 11, 14, 23, 26, 30, 34, 38, 42, 46, 53, 60, 68, 77, -1], [3, 7, 11, 14, 23, 26, 30, 34, 38, 42, 46, 53, 60, 68, 77, 80, -1])
(84, 1030, 388, [16, 15, 1, 17, 18, 3, 24, 13, 10, 23, 4, 11, 7, 5, 0], [0, 3, 7, 11, 14, 23, 26, 33, 37, 49, 53, 60, 68, 77, -1], [3, 7, 11, 14, 23, 26, 33, 37, 49, 53, 60, 68, 77, 80, -1])
(85, 240, 86, [16, 15, 1, 17, 18, 3, 8, 9, 2, 14, 12, 23, 6, 11, 7, 5, 0], [0, 3, 7, 11, 14, 23, 26, 30, 34, 38, 42, 49, 53, 60, 68, 77, -1], [3, 7, 11, 14, 23, 26, 30, 34, 38, 42, 49, 53, 60, 68, 77, 80, -1])
(86, 1733, 66, [16, 15, 1, 17, 18, 3, 8, 9, 2, 14, 20, 19, 6, 11, 7, 5, 0], [0, 3, 7, 11, 14, 23, 26, 30, 34, 38, 42, 46, 53, 60, 68, 77, -1], [3, 7, 11, 14, 23, 26, 30, 34, 38, 42, 46, 53, 60, 68, 77, 80, -1])
